Average waiting time: 5606.102244389028
pNumber,burstTime,arrivalTime,waitingTime,endTime
362,35,2,0,37,
104,32,6,31,69,
317,21,6,63,90,
17,17,8,82,107,
181,25,13,94,132,
280,22,13,119,154,
329,28,13,141,182,
137,29,14,168,211,
334,21,14,197,232,
2,33,17,215,265,
30,30,19,246,295,
93,23,19,276,318,
100,30,19,299,348,
150,27,19,329,375,
86,38,22,353,413,
316,26,22,391,439,
105,19,23,416,458,
354,36,24,434,494,
199,26,28,466,520,
28,30,29,491,550,
166,33,30,520,583,
322,29,33,550,612,
356,30,33,579,642,
391,28,33,609,670,
32,27,34,636,697,
293,25,34,663,722,
308,22,35,687,744,
136,28,38,706,772,
208,28,38,734,800,
310,34,38,762,834,
18,36,40,794,870,
390,33,41,829,903,
31,37,43,860,940,
266,28,44,896,968,
288,35,44,924,1003,
281,34,45,958,1037,
257,25,47,990,1062,
183,34,50,1012,1096,
6,28,52,1044,1124,
26,28,54,1070,1152,
161,22,54,1098,1174,
89,27,56,1118,1201,
108,23,61,1140,1224,
365,34,61,1163,1258,
353,29,62,1196,1287,
39,31,63,1224,1318,
301,21,63,1255,1339,
304,33,63,1276,1372,
345,21,63,1309,1393,
9,20,64,1329,1413,
163,30,64,1349,1443,
197,28,65,1378,1471,
398,31,66,1405,1502,
122,34,68,1434,1536,
364,39,68,1468,1575,
256,27,69,1506,1602,
234,25,70,1532,1627,
236,22,73,1554,1649,
263,33,73,1576,1682,
135,26,75,1607,1708,
340,29,75,1633,1737,
55,32,76,1661,1769,
343,32,76,1693,1801,
118,24,82,1719,1825,
1,19,83,1742,1844,
298,23,83,1761,1867,
4,27,86,1781,1894,
74,23,88,1806,1917,
259,34,88,1829,1951,
231,29,89,1862,1980,
267,26,90,1890,2006,
321,23,90,1916,2029,
271,33,92,1937,2062,
393,31,92,1970,2093,
114,25,93,2000,2118,
392,32,93,2025,2150,
396,23,95,2055,2173,
91,23,97,2076,2196,
220,36,98,2098,2232,
167,31,99,2133,2263,
272,25,99,2164,2288,
143,30,101,2187,2318,
372,31,103,2215,2349,
245,25,107,2242,2374,
300,25,108,2266,2399,
249,23,109,2290,2422,
235,36,111,2311,2458,
47,34,112,2346,2492,
139,24,112,2380,2516,
185,29,112,2404,2545,
204,34,115,2430,2579,
380,39,117,2462,2618,
328,26,119,2499,2644,
239,32,121,2523,2676,
320,31,121,2555,2707,
22,33,122,2585,2740,
95,38,124,2616,2778,
269,25,124,2654,2803,
151,36,125,2678,2839,
241,19,127,2712,2858,
291,39,127,2731,2897,
69,40,128,2769,2937,
227,30,129,2808,2967,
367,22,129,2838,2989,
63,32,130,2859,3021,
283,31,132,2889,3052,
332,31,132,2920,3083,
229,32,134,2949,3115,
109,30,137,2978,3145,
260,26,137,3008,3171,
274,31,138,3033,3202,
71,29,139,3063,3231,
284,30,139,3092,3261,
342,25,139,3122,3286,
339,27,141,3145,3313,
44,37,142,3171,3350,
286,23,142,3208,3373,
384,21,142,3231,3394,
113,33,143,3251,3427,
232,33,143,3284,3460,
154,33,144,3316,3493,
156,31,144,3349,3524,
177,32,145,3379,3556,
225,29,146,3410,3585,
351,22,147,3438,3607,
164,36,149,3458,3643,
169,27,152,3491,3670,
219,23,152,3518,3693,
273,29,152,3541,3722,
349,33,152,3570,3755,
369,29,152,3603,3784,
16,29,153,3631,3813,
130,24,156,3657,3837,
214,36,156,3681,3873,
237,26,158,3715,3899,
124,37,161,3738,3936,
211,25,164,3772,3961,
206,25,166,3795,3986,
296,29,169,3817,4015,
50,31,172,3843,4046,
375,36,174,3872,4082,
46,28,175,3907,4110,
202,25,175,3935,4135,
289,30,177,3958,4165,
79,37,181,3984,4202,
228,34,181,4021,4236,
23,28,182,4054,4264,
170,23,184,4080,4287,
76,21,185,4102,4308,
278,32,186,4122,4340,
314,27,186,4154,4367,
346,34,186,4181,4401,
378,24,187,4214,4425,
270,37,188,4237,4462,
319,29,189,4273,4491,
276,25,190,4301,4516,
307,25,192,4324,4541,
309,31,192,4349,4572,
326,34,192,4380,4606,
290,30,193,4413,4636,
327,24,193,4443,4660,
357,27,193,4467,4687,
36,26,194,4493,4713,
193,21,194,4519,4734,
147,34,195,4539,4768,
336,28,196,4572,4796,
61,27,207,4589,4823,
306,27,209,4614,4850,
226,29,210,4640,4879,
388,29,210,4669,4908,
333,32,215,4693,4940,
10,37,218,4722,4977,
294,32,218,4759,5009,
230,30,220,4789,5039,
72,20,222,4817,5059,
48,32,223,4836,5091,
153,29,223,4868,5120,
238,30,223,4897,5150,
127,33,224,4926,5183,
335,30,224,4959,5213,
75,26,226,4987,5239,
330,34,226,5013,5273,
355,27,226,5047,5300,
20,34,227,5073,5334,
299,33,231,5103,5367,
152,20,232,5135,5387,
244,36,233,5154,5423,
29,29,234,5189,5452,
264,31,235,5217,5483,
315,31,237,5246,5514,
400,29,239,5275,5543,
155,26,240,5303,5569,
34,29,242,5327,5598,
13,39,243,5355,5637,
103,28,247,5390,5665,
117,29,248,5417,5694,
331,36,248,5446,5730,
60,36,249,5481,5766,
190,33,250,5516,5799,
70,31,251,5548,5830,
247,37,251,5579,5867,
33,40,252,5615,5907,
337,29,254,5653,5936,
53,25,255,5681,5961,
35,24,257,5704,5985,
80,16,261,5724,6001,
324,27,262,5739,6028,
350,37,262,5766,6065,
78,33,267,5798,6098,
11,36,268,5830,6134,
83,27,268,5866,6161,
134,35,268,5893,6196,
176,33,268,5928,6229,
275,30,268,5961,6259,
94,28,270,5989,6287,
168,31,274,6013,6318,
358,26,278,6040,6344,
66,29,281,6063,6373,
366,24,281,6092,6397,
222,31,282,6115,6428,
38,29,284,6144,6457,
243,19,284,6173,6476,
313,25,284,6192,6501,
5,28,286,6215,6529,
67,32,289,6240,6561,
141,31,289,6272,6592,
253,32,289,6303,6624,
82,29,290,6334,6653,
179,31,292,6361,6684,
173,41,293,6391,6725,
254,28,293,6432,6753,
187,34,296,6457,6787,
88,32,297,6490,6819,
3,31,298,6521,6850,
165,32,298,6552,6882,
394,26,299,6583,6908,
172,28,300,6608,6936,
389,27,300,6636,6963,
212,34,301,6662,6997,
14,29,303,6694,7026,
21,30,304,6722,7056,
191,29,304,6752,7085,
73,34,305,6780,7119,
265,29,306,6813,7148,
359,30,306,6842,7178,
148,29,307,6871,7207,
99,33,309,6898,7240,
203,36,310,6930,7276,
149,31,311,6965,7307,
240,25,311,6996,7332,
19,30,313,7019,7362,
382,28,313,7049,7390,
57,25,316,7074,7415,
62,29,316,7099,7444,
198,33,316,7128,7477,
255,23,317,7160,7500,
41,34,319,7181,7534,
200,31,319,7215,7565,
140,33,323,7242,7598,
201,31,323,7275,7629,
325,28,323,7306,7657,
374,34,323,7334,7691,
242,33,325,7366,7724,
189,31,328,7396,7755,
370,28,330,7425,7783,
159,27,333,7450,7810,
344,35,333,7477,7845,
381,31,333,7512,7876,
279,24,334,7542,7900,
210,38,335,7565,7938,
318,20,335,7603,7958,
341,32,335,7623,7990,
221,29,336,7654,8019,
37,28,337,7682,8047,
92,26,341,7706,8073,
195,35,342,7731,8108,
386,34,345,7763,8142,
387,32,345,7797,8174,
107,25,346,7828,8199,
132,33,346,7853,8232,
7,24,347,7885,8256,
305,32,347,7909,8288,
348,27,348,7940,8315,
218,41,350,7965,8356,
120,35,352,8004,8391,
128,31,353,8038,8422,
379,30,354,8068,8452,
52,24,355,8097,8476,
192,32,356,8120,8508,
205,31,358,8150,8539,
223,29,358,8181,8568,
292,37,358,8210,8605,
131,35,359,8246,8640,
175,28,359,8281,8668,
285,36,364,8304,8704,
297,26,364,8340,8730,
262,29,365,8365,8759,
115,29,368,8391,8788,
268,33,369,8419,8821,
395,20,373,8448,8841,
184,26,374,8467,8867,
12,36,376,8491,8903,
347,29,378,8525,8932,
40,27,380,8552,8959,
171,34,381,8578,8993,
160,27,383,8610,9020,
233,29,385,8635,9049,
397,34,386,8663,9083,
180,35,388,8695,9118,
224,23,388,8730,9141,
248,32,388,8753,9173,
133,30,389,8784,9203,
162,24,390,8813,9227,
178,32,391,8836,9259,
217,34,391,8868,9293,
126,27,392,8901,9320,
250,38,393,8927,9358,
363,33,393,8965,9391,
361,27,394,8997,9418,
97,31,398,9020,9449,
174,23,398,9051,9472,
110,26,400,9072,9498,
54,19,401,9097,9517,
216,37,403,9114,9554,
182,31,404,9150,9585,
8,27,405,9180,9612,
399,29,406,9206,9641,
51,38,407,9234,9679,
207,26,409,9270,9705,
371,30,409,9296,9735,
261,32,411,9324,9767,
368,30,411,9356,9797,
45,36,412,9385,9833,
129,27,414,9419,9860,
56,23,415,9445,9883,
68,37,415,9468,9920,
119,19,416,9504,9939,
383,32,418,9521,9971,
158,35,421,9550,10006,
49,29,422,9584,10035,
338,41,422,9613,10076,
42,36,424,9652,10112,
352,32,424,9688,10144,
303,29,426,9718,10173,
84,32,430,9743,10205,
24,39,431,9774,10244,
98,32,431,9813,10276,
77,26,433,9843,10302,
81,28,433,9869,10330,
312,32,433,9897,10362,
25,23,435,9927,10385,
123,31,436,9949,10416,
138,32,440,9976,10448,
188,29,442,10006,10477,
194,27,442,10035,10504,
251,38,443,10061,10542,
43,23,444,10098,10565,
282,28,446,10119,10593,
101,31,447,10146,10624,
302,25,447,10177,10649,
96,28,448,10201,10677,
102,39,449,10228,10716,
146,28,450,10266,10744,
295,35,450,10294,10779,
287,27,453,10326,10806,
0,24,454,10352,10830,
215,28,454,10376,10858,
385,30,457,10401,10888,
112,22,458,10430,10910,
323,30,458,10452,10940,
85,22,459,10481,10962,
87,29,459,10503,10991,
106,25,459,10532,11016,
258,36,459,10557,11052,
59,27,460,10592,11079,
246,26,464,10615,11105,
111,30,465,10640,11135,
186,22,469,10666,11157,
65,35,470,10687,11192,
196,24,470,10722,11216,
360,29,471,10745,11245,
376,31,472,10773,11276,
209,30,473,10803,11306,
64,31,474,10832,11337,
15,31,475,10862,11368,
157,30,480,10888,11398,
377,35,484,10914,11433,
27,29,485,10948,11462,
213,35,485,10977,11497,
142,34,486,11011,11531,
121,18,487,11044,11549,
144,25,488,11061,11574,
145,27,490,11084,11601,
252,31,493,11108,11632,
373,26,494,11138,11658,
125,28,495,11163,11686,
58,42,496,11190,11728,
116,36,496,11232,11764,
90,32,497,11267,11796,
311,35,498,11298,11831,
277,28,499,11332,11859,
